%YAML:1.0
---
K: !!opencv-matrix
   rows: 3
   cols: 3
   dt: d
   data: [ 9.7252430298643253e+02, 0., 6.3927347876016381e+02, 0.,
       9.7189166717620503e+02, 3.6107598328100414e+02, 0., 0., 1. ]
dist: !!opencv-matrix
   rows: 5
   cols: 1
   dt: d
   data: [ -1.8787523055275302e-02, 4.7256567037096991e-02,
       4.4105962884477534e-04, -4.4937789310297969e-05,
       -5.5217763064790377e-02 ]
